7376,56
7376,54
7376,71
7376,66
7376,70
7376,57
7376,55
7376,52
7376,4
7382,4
7296,4
7384,5
7246,4
7294,3
7294,1
7294,4
7282,1
7282,3
7283,6
7283,1
7283,5
7283,3
7264,1
7264,3
7290,7
7290,1
7290,6
7290,3
7289,6
7289,1
7289,5
7289,3
6,1
6,4
16,1
16,3
9,1
9,3
10,1
10,3
7325,3
7357,3
7357,1
7357,4
7301,3
7301,1
7301,5
7376,69
7376,47
7376,46
7376,45
7376,41
7376,3
7376,49
7376,7
7381,1
7381,4
7340,3
7340,1
7340,4
7296,3
7384,1
7384,3
0,297
0,296
0,295
0,294
0,293
0,292
0,291
0,290
0,289
0,288
0,287
0,285
0,284
0,283
0,282
0,281
0,280
0,278
0,276
0,274
0,273
0,272
0,270
0,269
0,268
0,267
0,266
0,265
0,264
0,262
0,261
0,260
0,258
0,257
0,256
0,255
0,254
0,253
0,252
0,202
0,201
0,200
0,199
0,198
0,197
0,196
0,195
0,194
0,193
0,192
0,63
0,62
0,61
0,60
0,59
0,56
0,55
0,54
0,53
0,52
0,51
0,50
0,49
0,48
0,47
0,46
0,45
0,6
0,58
0,378
0,57
0,353
7382,1
7382,6
7376,31
7378,9
7378,8
7378,3
7347,6
7347,1
7347,5
7385,1
7385,7
7383,4
7376,48
7376,36
7376,28
7376,13
7376,50
7376,53
7376,68
7378,6
7378,1
7378,5
7377,5
7375,3
7375,1
7375,4
7374,3
7374,1
7374,4
7299,3
7299,6
7376,42
7376,5
7245,1
7245,3
7386,3
7386,1
7386,4
7299,1
7299,4
7362,3
7377,1
7377,4
7376,67
7376,60
7376,37
7376,34
7376,29
7376,27
7376,18
7376,16
7376,12
7376,11
7376,10
7376,9
7376,17
7376,35
7376,1
7376,14
7358,3
7376,58
7385,3
7383,3
7383,1
7383,5
7246,3
7384,6
7384,4
7241,3
0,306
0,474
0,318
0,352
0,349
0,301
0,443
0,381
0,392
0,1
0,397
0,408
0,376
0,335
0,362
0,345
0,383
0,375
0,332
0,377
0,433
0,364
0,456
0,511
0,455
7362,4
7382,3
7379,6
7379,5
0,0
0,243
0,203
0,348
0,372
0,361
0,369
0,503
0,424
0,343
0,479
7377,9
7377,8
7377,3
7377,6
7377,7
0,300
